[0, 1, 0.11704699910719625, 13504, 0.0005290509169382896, 0.5340187526420872]
[1, 2, 0.08544003745317534, 12060, 0.035124675153159715, -0.9581824203851999]
[2, 3, 0.05656854249492382, 19865, 0.03777194644123072, 0.33445264567811983]
[3, 4, 0.02236067977499787, 15247, 0.013229136395536235, 0.8842998385494001]
[4, 5, 0.03162277660168377, 11037, 0.02781459679064524, -0.8087862486531772]
[5, 6, 0.09433981132056607, 14089, 0.07229163139452544, 0.29957463961180464]
[6, 4, 0.11704699910719625, 13920, 0.020014098088806866, 0.18400330993935476]
[6, 2, 0.14764823060233404, 10266, 0.016432290025225282, -0.7513735328318769]
[6, 1, 0.1802775637731995, 18165, 0.006449999593124634, -0.31458239938987176]
[6, 7, 0.010000000000000009, 13550, 0.007691085153681488, 0.27868078544656694]
[7, 8, 0.010000000000000009, 10211, 0.011824873408928994, 0.5093178721534728]
[8, 3, 0.0761577310586391, 12743, 0.09912447467734432, -0.8272615930686595]
[8, 9, 0.11180339887498948, 17545, 0.019875863733614687, -0.0449468912719202]
[9, 10, 0.11180339887498948, 11460, 0.03393778185254388, 0.9922938618369206]
[10, 11, 0.11180339887498947, 17478, 0.08092694477035386, 0.9605662579398446]
[11, 4, 0.39924929555354255, 10740, 0.06078642967132375, -0.5379712526759122]
[11, 6, 0.3324154027718932, 13343, 0.07124978151050934, 0.8389917796452404]
[11, 12, 0.12, 11898, 0.030594511406671212, -0.44272904079207565]
[12, 2, 0.49406477308142505, 17857, 0.0866583123269437, 0.40586044953326184]
[12, 13, 0.11401754250991379, 14556, 0.09314635125349748, -0.9320361379342681]
[13, 14, 0.1140175425099139, 19959, 0.08466021888197041, -0.004642628344327049]
[14, 15, 0.11401754250991365, 18682, 0.09566988232956648, -0.007583749571743681]
[15, 7, 0.7093659140387278, 13595, 0.04483952933467303, -0.8802646665376437]
[15, 6, 0.7057619995437554, 14360, 0.06515900670965753, -0.05202789756434023]
[15, 16, 0.08485281374238578, 15621, 0.021616383318971668, 0.4516271764634361]
[16, 11, 0.47434164902525694, 19262, 0.0785095287394511, -0.23226187418613686]
[16, 17, 0.030000000000000027, 19951, 0.08024945052264568, -0.32660807169400896]
[17, 18, 0.060827625302982254, 14246, 0.015148371295050145, 0.5944052529340738]
[18, 7, 0.7111961754677818, 16396, 0.0870733981901218, 0.05176007671652827]
[18, 3, 0.7769813382572325, 16349, 0.04134431238508171, -0.542091383972678]
[18, 10, 0.5080354318352215, 15516, 0.01828513101044904, 0.5573490337016205]
[18, 0, 1.0018482919085103, 13610, 0.07062092476664121, 0.36246598112129935]
[18, 19, 0.08246211251235307, 10092, 0.062290294668173866, 0.3138026991740299]
[19, 20, 0.10000000000000009, 11751, 0.09446168982365077, -0.956341402133559]
[20, 21, 0.07280109889280525, 12043, 0.0012337428433125686, 0.7419779105905675]
[21, 22, 0.07280109889280514, 13733, 0.09167544143179875, 0.022443799097132233]
